7.108842
5.360705
5.871565
4.441087
6.877640
6.049399
5.587317
6.687828
7.390521
5.646180
6.050657
5.293207
7.012353
6.188524
5.939938
5.429079
6.713578
7.634892
4.601459
6.084144
6.368803
5.275031
4.967284
5.093630
5.419449
4.646027
5.646942
3.721937
5.543298
6.230539
6.283318
5.446628
6.366651
6.791042
6.015290
4.662983
6.547594
5.760078
5.588885
4.817716
6.315821
5.270138
3.749252
3.539307
5.973281
6.363832
3.451723
5.626030
7.669242
5.214911
4.514250
5.687735
4.057589
4.373799
5.353290
5.298983
5.135164
6.329077
7.122212
5.380757
5.747005
3.763214
6.994545
5.424827
5.466281
5.704401
4.357693
6.230735
4.740303
5.445245
3.809856
3.685600
6.139285
5.943305
5.942797
4.676583
6.738519
4.251049
4.807625
6.457080
5.317884
4.644951
3.504907
3.452065
6.795696
3.150357
5.568890
5.454145
4.433454
5.450756
3.790720
4.701273
4.311919
6.012713
6.475723
4.686982
3.980332
3.552667
6.521594
4.750201
